-3750.2605,14507.2107,220916,040011,A,28.12,8.44,81.6,0.9,08,1             
-3750.2526,14507.2123,220916,040012,A,29.22,8.33,82.0,1.2,07,1             
-3750.2443,14507.2139,220916,040013,A,29.84,8.39,82.6,1.3,06,1             
-3750.2360,14507.2155,220916,040014,A,30.37,8.50,83.3,1.3,06,1             
-3750.2275,14507.2172,220916,040015,A,30.57,8.45,83.9,1.8,06,1             
-3750.2190,14507.2188,220916,040016,A,31.02,8.64,84.4,1.9,05,1             
-3750.2104,14507.2205,220916,040017,A,31.09,8.96,85.0,1.9,05,1             
-3750.2018,14507.2223,220916,040018,A,30.91,8.93,85.9,1.3,06,1             
-3750.1932,14507.2240,220916,040019,A,30.71,8.65,86.9,1.3,06,1             
-3750.1847,14507.2257,220916,040020,A,30.57,8.52,88.1,1.1,07,1             
-3750.1763,14507.2274,220916,040021,A,30.31,9.38,89.1,1.3,06,1             
-3750.1678,14507.2291,220916,040022,A,30.53,8.50,90.3,1.2,07,1             
-3750.1593,14507.2308,220916,040023,A,30.79,8.39,91.5,1.2,07,1             
-3750.1507,14507.2324,220916,040024,A,31.06,8.31,92.4,1.2,07,1             
-3750.1421,14507.2340,220916,040025,A,31.31,8.36,93.3,1.1,07,1             
-3750.1334,14507.2356,220916,040026,A,31.40,8.61,94.5,1.1,07,1             
-3750.1247,14507.2372,220916,040027,A,31.39,8.67,95.2,1.3,06,1             
-3750.1161,14507.2389,220916,040028,A,31.50,8.73,96.0,1.3,06,1             
-3750.1074,14507.2406,220916,040029,A,31.60,9.00,96.8,1.3,06,1             
-3750.0987,14507.2423,220916,040030,A,31.65,9.05,97.3,1.3,06,1             
-3750.0900,14507.2441,220916,040031,A,31.67,8.90,98.1,1.2,07,1             
-3750.0813,14507.2457,220916,040032,A,31.78,8.71,99.0,1.2,07,1             
-3750.0725,14507.2474,220916,040033,A,32.06,7.99,99.9,1.2,07,1             
-3750.0637,14507.2490,220916,040034,A,32.13,8.08,100.7,1.2,07,1            
-3750.0548,14507.2506,220916,040035,A,32.19,8.20,101.6,1.3,06,1            
-3750.0459,14507.2521,220916,040036,A,32.33,7.98,102.2,1.3,06,1            
-3750.0369,14507.2537,220916,040037,A,32.50,8.07,103.0,1.1,07,1            
-3750.0279,14507.2553,220916,040038,A,32.69,8.06,103.7,1.1,07,1            
-3750.0188,14507.2569,220916,040039,A,32.83,8.15,104.6,1.1,07,1            
-3750.0097,14507.2584,220916,040040,A,32.85,7.89,105.4,1.1,07,1            
-3750.0007,14507.2600,220916,040041,A,32.37,7.99,106.3,1.4,06,1            
-3749.9919,14507.2615,220916,040042,A,31.56,8.13,107.0,1.4,06,1            
-3749.9832,14507.2630,220916,040043,A,31.07,8.04,107.9,1.4,06,1            
-3749.9748,14507.2645,220916,040044,A,30.49,8.19,108.5,1.4,06,1            
-3749.9664,14507.2660,220916,040045,A,30.10,8.04,108.9,1.4,06,1            
-3749.9582,14507.2674,220916,040046,A,29.90,7.77,109.1,1.1,07,1            
-3749.9499,14507.2687,220916,040047,A,29.98,7.81,109.5,1.1,07,1            
-3749.9416,14507.2701,220916,040048,A,30.32,7.90,109.7,1.1,07,1            
-3749.9331,14507.2716,220916,040049,A,30.80,8.44,109.8,1.4,06,1            
-3749.9246,14507.2732,220916,040050,A,31.05,8.66,109.9,1.4,06,1            
-3749.9161,14507.2748,220916,040051,A,31.03,8.56,109.8,1.4,06,1            
-3749.9076,14507.2764,220916,040052,A,30.98,8.27,109.6,1.9,05,1            
-3749.8991,14507.2779,220916,040053,A,30.90,8.05,109.2,1.9,05,1            
-3749.8906,14507.2794,220916,040054,A,30.81,8.20,108.9,1.9,05,1            
-3749.8822,14507.2809,220916,040055,A,30.58,8.54,108.1,1.1,07,1            
-3749.8738,14507.2825,220916,040056,A,30.60,8.88,107.4,1.1,07,1            
-3749.8654,14507.2840,220916,040057,A,30.56,8.27,106.8,1.1,07,1            
-3749.8571,14507.2855,220916,040058,A,30.32,8.22,106.1,1.3,06,1            
-3749.8488,14507.2870,220916,040059,A,30.07,8.52,105.5,1.3,06,1            
-3749.8406,14507.2886,220916,040100,A,29.86,8.97,104.7,1.3,06,1            
-3749.8324,14507.2901,220916,040101,A,29.76,8.72,104.0,1.3,06,1            
-3749.8242,14507.2916,220916,040102,A,29.55,8.68,103.2,1.3,06,1            
-3749.8161,14507.2931,220916,040103,A,29.48,8.33,102.5,1.3,06,1            
-3749.8081,14507.2946,220916,040104,A,29.31,8.05,101.7,1.8,05,1            
-3749.8001,14507.2960,220916,040105,A,28.66,8.85,101.1,1.3,06,1            
-3749.7925,14507.2975,220916,040106,A,27.35,9.38,100.5,1.3,06,1            
-3749.7852,14507.2990,220916,040107,A,26.15,9.43,99.9,1.3,06,1             
-3749.7782,14507.3004,220916,040108,A,24.70,9.43,99.3,1.3,06,1             
-3749.7718,14507.3018,220916,040109,A,22.59,9.55,98.8,1.3,06,1             
-3749.7661,14507.3030,220916,040110,A,19.37,10.17,98.3,1.3,06,1            
-3749.7614,14507.3040,220916,040111,A,15.91,10.10,97.9,1.3,06,1            
-3749.7578,14507.3048,220916,040112,A,11.53,9.92,97.6,1.8,05,1             
-3749.7553,14507.3052,220916,040113,A,7.51,9.26,97.5,1.3,06,1              
-3749.7538,14507.3055,220916,040114,A,5.13,9.12,97.5,1.3,06,1              
-3749.7528,14507.3057,220916,040115,A,3.31,10.08,97.7,1.9,05,1             
-3749.7516,14507.3061,220916,040122,A,3.63,27.63,99.0,1.8,05,1             
-3749.7498,14507.3069,220916,040123,A,10.25,18.88,99.3,1.8,05,1            
-3749.7463,14507.3077,220916,040124,A,15.26,5.92,99.3,1.3,06,1             
-3749.7417,14507.3081,220916,040125,A,17.19,5.13,99.6,1.9,05,1             
-3749.7370,14507.3085,220916,040126,A,16.28,6.59,100.0,1.9,05,1            
-3749.7330,14507.3091,220916,040127,A,12.76,7.96,100.2,1.9,05,1            
-3749.7304,14507.3096,220916,040128,A,7.04,8.84,100.4,1.9,05,1             
-3749.7244,14507.3106,220916,040159,A,4.41,13.13,105.2,1.8,04,1            
-3749.7228,14507.3119,220916,040200,A,9.09,38.65,105.1,1.9,05,1            
-3749.7213,14507.3151,220916,040201,A,12.25,70.79,104.9,1.9,05,1           
-3749.7211,14507.3201,220916,040202,A,15.39,92.95,104.1,1.1,07,1           
-3749.7218,14507.3261,220916,040203,A,18.38,100.66,103.8,1.3,06,1          
-3749.7229,14507.3331,220916,040204,A,20.70,99.93,103.0,1.3,06,1           
-3749.7240,14507.3408,220916,040205,A,22.61,99.88,102.3,1.3,06,1           
-3749.7252,14507.3491,220916,040206,A,24.52,99.24,101.6,1.3,06,1           
-3749.7264,14507.3581,220916,040207,A,26.23,98.51,101.1,1.3,06,1           
-3749.7276,14507.3676,220916,040208,A,27.34,98.24,100.6,1.3,06,1           
-3749.7288,14507.3774,220916,040209,A,28.02,98.35,100.2,1.3,06,1           
-3749.7300,14507.3874,220916,040210,A,28.62,98.74,99.7,1.3,06,1            
-3749.7314,14507.3976,220916,040211,A,29.22,98.81,99.1,1.3,06,1            
-3749.7327,14507.4079,220916,040212,A,29.21,98.59,98.4,1.1,07,1            
-3749.7340,14507.4181,220916,040213,A,28.81,98.57,97.6,1.1,07,1            
-3749.7353,14507.4281,220916,040214,A,28.62,98.93,96.8,1.1,07,1            
-3749.7366,14507.4381,220916,040215,A,28.78,98.53,96.0,1.1,07,1            
-3749.7378,14507.4482,220916,040216,A,28.91,98.97,95.0,1.1,07,1            
-3749.7391,14507.4584,220916,040217,A,29.21,98.73,94.1,1.1,07,1            
-3749.7404,14507.4686,220916,040218,A,29.53,98.73,93.1,1.1,07,1            
-3749.7417,14507.4790,220916,040219,A,29.96,98.58,92.1,1.1,07,1            
-3749.7430,14507.4896,220916,040220,A,30.36,98.53,91.1,1.1,07,1            
-3749.7443,14507.5003,220916,040221,A,30.79,98.47,90.1,1.1,07,1            
-3749.7456,14507.5111,220916,040222,A,31.18,98.49,89.1,1.1,07,1            
-3749.7470,14507.5220,220916,040223,A,31.55,98.45,88.1,1.1,07,1            
-3749.7483,14507.5331,220916,040224,A,31.91,98.42,87.1,1.1,07,1            
-3749.7496,14507.5443,220916,040225,A,32.16,98.33,86.1,1.1,07,1            
-3749.7510,14507.5556,220916,040226,A,32.29,98.23,85.3,1.1,07,1            
-3749.7523,14507.5669,220916,040227,A,32.45,98.16,84.4,1.1,07,1            
-3749.7536,14507.5782,220916,040228,A,32.59,98.13,83.6,1.3,06,1            
-3749.7549,14507.5896,220916,040229,A,32.60,97.91,82.8,1.3,06,1            
-3749.7562,14507.6009,220916,040230,A,32.31,98.20,82.2,1.3,06,1            
-3749.7575,14507.6121,220916,040231,A,32.01,98.00,81.6,1.4,06,1            
-3749.7587,14507.6232,220916,040232,A,31.54,98.09,81.3,1.4,06,1            
-3749.7600,14507.6341,220916,040233,A,31.36,98.26,80.9,1.9,05,1            
-3749.7613,14507.6452,220916,040234,A,31.95,98.32,81.1,1.3,06,1            
-3749.7628,14507.6563,220916,040235,A,32.01,99.90,80.9,1.3,06,1            
-3749.7642,14507.6673,220916,040236,A,31.63,99.35,81.0,1.3,06,1            
-3749.7655,14507.6782,220916,040237,A,30.95,97.75,81.4,1.3,06,1            
-3749.7664,14507.6888,220916,040238,A,29.61,95.86,81.9,1.1,07,1            
-3749.7672,14507.6990,220916,040239,A,28.79,95.94,82.5,1.1,07,1            
-3749.7681,14507.7091,220916,040240,A,29.33,96.97,83.4,1.1,07,1            
-3749.7692,14507.7195,220916,040241,A,30.06,98.09,84.4,1.1,07,1            
-3749.7703,14507.7301,220916,040242,A,30.66,97.48,85.6,1.3,06,1            
-3749.7714,14507.7409,220916,040243,A,31.13,97.78,86.8,1.1,07,1            
-3749.7726,14507.7517,220916,040244,A,31.17,98.34,87.9,1.1,07,1            
-3749.7739,14507.7625,220916,040245,A,30.93,98.98,89.0,1.1,07,1            
-3749.7752,14507.7732,220916,040246,A,30.87,98.57,90.1,1.1,07,1            
-3749.7764,14507.7840,220916,040247,A,31.06,98.21,91.0,1.1,07,1            
-3749.7776,14507.7949,220916,040248,A,31.37,97.99,91.8,1.1,07,1            
-3749.7788,14507.8058,220916,040249,A,31.44,97.40,92.4,1.1,07,1            
-3749.7800,14507.8168,220916,040250,A,31.25,97.25,92.9,1.3,06,1            
-3749.7811,14507.8277,220916,040251,A,31.11,97.59,93.5,1.3,06,1            
-3749.7824,14507.8385,220916,040252,A,31.17,99.04,93.8,1.3,06,1            
-3749.7836,14507.8493,220916,040253,A,31.31,97.80,94.0,1.3,06,1            
-3749.7848,14507.8603,220916,040254,A,31.57,97.37,94.1,1.3,06,1            
-3749.7859,14507.8712,220916,040255,A,31.54,97.28,94.2,1.1,07,1            
-3749.7870,14507.8822,220916,040256,A,31.74,97.34,94.5,1.4,06,1            
-3749.7882,14507.8933,220916,040257,A,32.06,97.54,94.4,1.4,06,1            
-3749.7892,14507.9045,220916,040258,A,32.58,97.26,94.6,1.4,06,1            
-3749.7905,14507.9159,220916,040259,A,33.16,97.50,94.0,1.4,06,1            
-3749.7918,14507.9273,220916,040300,A,33.23,98.12,93.2,1.4,06,1            
-3749.7932,14507.9388,220916,040301,A,33.28,97.94,92.4,1.4,06,1            
-3749.7945,14507.9503,220916,040302,A,33.27,97.57,91.1,1.1,07,1            
-3749.7958,14507.9616,220916,040303,A,33.25,97.24,89.4,1.1,07,1            
-3749.7971,14507.9731,220916,040304,A,33.41,97.89,87.7,1.1,07,1            
-3749.7985,14507.9846,220916,040305,A,33.47,98.43,86.0,1.1,07,1            
-3749.7998,14507.9961,220916,040306,A,33.37,98.12,84.9,1.1,07,1            
-3749.8012,14508.0075,220916,040307,A,32.75,98.12,84.0,1.3,06,1            
-3749.8025,14508.0187,220916,040308,A,31.83,98.46,83.1,1.6,05,1            
-3749.8038,14508.0296,220916,040309,A,31.38,98.64,82.5,1.3,06,1            
-3749.8052,14508.0403,220916,040310,A,30.93,98.87,81.9,1.3,06,1            
-3749.8065,14508.0509,220916,040311,A,30.39,98.83,81.5,1.3,06,1            
-3749.8078,14508.0612,220916,040312,A,29.81,98.54,81.4,1.1,07,1            
-3749.8090,14508.0714,220916,040313,A,29.11,98.08,81.5,1.4,06,1            
-3749.8101,14508.0812,220916,040314,A,27.80,98.05,81.4,1.3,06,1            
-3749.8111,14508.0901,220916,040315,A,24.35,97.99,81.3,1.3,06,1            
-3749.8119,14508.0978,220916,040316,A,20.31,97.50,81.2,1.3,06,1            
-3749.8126,14508.1040,220916,040317,A,16.24,97.10,81.2,1.3,06,1            
-3749.8131,14508.1088,220916,040318,A,12.73,97.01,81.2,1.3,06,1            
-3749.8134,14508.1125,220916,040319,A,9.42,95.89,81.5,1.3,06,1             
-3749.8137,14508.1149,220916,040320,A,5.95,96.33,81.5,1.3,06,1             
-3749.8137,14508.1164,220916,040321,A,3.64,95.05,81.4,1.6,05,1             
-3749.8138,14508.1174,220916,040322,A,3.06,96.03,81.3,1.6,05,1             
-3749.8138,14508.1183,220916,040323,A,2.59,96.90,81.1,1.6,05,1             
-3749.8143,14508.1201,220916,040329,A,5.54,95.50,82.4,1.1,07,1             
-3749.8146,14508.1224,220916,040330,A,8.03,93.86,82.8,1.1,07,1             
-3749.8147,14508.1255,220916,040331,A,9.92,93.30,83.1,1.1,07,1             
-3749.8150,14508.1294,220916,040332,A,12.47,97.57,82.9,1.6,05,1            
-3749.8156,14508.1341,220916,040333,A,14.62,99.39,82.8,1.6,05,1            
-3749.8162,14508.1393,220916,040334,A,15.83,97.54,82.7,1.6,05,1            
-3749.8168,14508.1450,220916,040335,A,16.50,97.61,82.7,1.1,07,1            
-3749.8172,14508.1507,220916,040336,A,16.41,97.39,82.6,1.3,06,1            
-3749.8177,14508.1563,220916,040337,A,16.07,97.38,82.7,1.1,07,1            
-3749.8182,14508.1620,220916,040338,A,16.41,96.86,82.8,1.1,07,1            
-3749.8187,14508.1679,220916,040339,A,17.12,96.70,83.1,1.1,07,1            
-3749.8192,14508.1740,220916,040340,A,17.88,96.62,83.3,1.1,07,1            
-3749.8198,14508.1804,220916,040341,A,18.87,96.97,83.6,1.1,07,1            
-3749.8205,14508.1872,220916,040342,A,20.02,97.59,83.8,1.1,07,1            
-3749.8213,14508.1944,220916,040343,A,21.23,98.46,84.1,1.1,07,1            
-3749.8222,14508.2021,220916,040344,A,22.57,99.13,84.4,1.1,07,1            
-3749.8232,14508.2102,220916,040345,A,23.64,99.00,84.7,1.1,07,1            
-3749.8244,14508.2186,220916,040346,A,24.59,99.62,85.1,1.1,07,1            
-3749.8256,14508.2273,220916,040347,A,25.52,100.67,85.6,1.1,07,1           
-3749.8270,14508.2363,220916,040348,A,26.37,101.37,86.0,1.1,07,1           
-3749.8285,14508.2455,220916,040349,A,26.62,100.14,86.5,1.1,07,1           
-3749.8297,14508.2547,220916,040350,A,26.53,99.37,87.1,1.1,07,1            
-3749.8309,14508.2639,220916,040351,A,26.48,99.15,87.7,1.1,07,1            
-3749.8321,14508.2731,220916,040352,A,26.41,98.95,88.3,1.1,07,1            
-3749.8333,14508.2823,220916,040353,A,26.17,98.75,88.9,1.1,07,1            
-3749.8344,14508.2914,220916,040354,A,26.04,98.92,89.5,1.1,07,1            
-3749.8355,14508.3005,220916,040355,A,26.13,98.86,90.1,1.1,07,1            
-3749.8367,14508.3096,220916,040356,A,26.40,98.52,90.7,1.1,07,1            
-3749.8377,14508.3189,220916,040357,A,26.79,97.96,91.5,1.1,07,1            
-3749.8388,14508.3283,220916,040358,A,27.08,98.31,92.1,1.3,06,1            
-3749.8400,14508.3377,220916,040359,A,27.24,99.08,92.7,1.3,06,1            
-3749.8412,14508.3472,220916,040400,A,27.36,99.36,93.3,1.3,06,1            
-3749.8424,14508.3567,220916,040401,A,27.54,99.02,93.9,1.3,06,1            
-3749.8436,14508.3664,220916,040402,A,27.84,98.71,94.5,1.3,06,1            
-3749.8448,14508.3761,220916,040403,A,28.24,98.13,95.1,1.3,06,1            
-3749.8459,14508.3860,220916,040404,A,28.52,97.67,95.8,1.1,07,1            
-3749.8469,14508.3960,220916,040405,A,28.66,97.61,96.4,1.1,07,1            
-3749.8482,14508.4060,220916,040406,A,28.96,99.41,96.9,1.3,06,1            
-3749.8496,14508.4161,220916,040407,A,29.10,99.86,97.3,1.3,06,1            
-3749.8508,14508.4262,220916,040408,A,29.06,98.55,97.7,1.3,06,1            
-3749.8520,14508.4363,220916,040409,A,29.31,98.79,98.1,1.3,06,1            
-3749.8532,14508.4466,220916,040410,A,29.64,99.27,98.4,1.3,06,1            
-3749.8546,14508.4569,220916,040411,A,30.01,99.60,98.7,1.3,06,1            
-3749.8559,14508.4674,220916,040412,A,30.24,98.93,99.0,1.3,06,1            
-3749.8572,14508.4779,220916,040413,A,30.55,98.44,99.2,1.3,06,1            
-3749.8584,14508.4885,220916,040414,A,30.44,98.48,99.4,1.3,06,1            
-3749.8597,14508.4991,220916,040415,A,30.32,98.38,99.6,1.3,06,1            
-3749.8610,14508.5096,220916,040416,A,29.98,98.63,99.7,1.3,06,1            
-3749.8623,14508.5199,220916,040417,A,29.59,98.91,99.8,1.3,06,1            
-3749.8636,14508.5301,220916,040418,A,29.29,99.21,100.0,1.3,06,1           
-3749.8649,14508.5402,220916,040419,A,29.18,98.55,100.1,1.1,07,1           
-3749.8660,14508.5504,220916,040420,A,29.36,97.94,100.3,1.1,07,1           
-3749.8672,14508.5606,220916,040421,A,29.60,97.90,100.4,1.1,07,1           
-3749.8683,14508.5709,220916,040422,A,29.63,98.14,100.5,1.1,07,1           
-3749.8696,14508.5811,220916,040423,A,29.46,98.74,100.7,1.1,07,1           
-3749.8708,14508.5913,220916,040424,A,29.37,98.84,100.9,1.4,06,1           
-3749.8721,14508.6014,220916,040425,A,29.02,98.43,101.0,1.4,06,1           
-3749.8732,14508.6115,220916,040426,A,29.07,98.24,101.2,1.4,06,1           
-3749.8743,14508.6216,220916,040427,A,29.20,98.01,101.4,1.1,07,1           
-3749.8755,14508.6317,220916,040428,A,29.32,97.94,101.5,1.3,06,1           
-3749.8767,14508.6418,220916,040429,A,29.22,98.64,101.6,1.3,06,1           
-3749.8780,14508.6519,220916,040430,A,28.95,99.52,101.8,1.1,07,1           
-3749.8793,14508.6618,220916,040431,A,28.72,99.09,102.0,1.1,07,1           
-3749.8805,14508.6717,220916,040432,A,28.40,98.77,102.2,1.3,06,1           
-3749.8817,14508.6815,220916,040433,A,28.13,98.61,102.3,1.3,06,1           
-3749.8829,14508.6911,220916,040434,A,27.95,99.31,102.4,1.3,06,1           
-3749.8841,14508.7007,220916,040435,A,27.55,98.32,102.6,1.3,06,1           
-3749.8853,14508.7102,220916,040436,A,27.42,98.61,102.8,1.3,06,1           
-3749.8864,14508.7197,220916,040437,A,27.15,98.33,103.0,1.3,06,1           
-3749.8875,14508.7289,220916,040438,A,26.49,99.14,103.2,1.3,06,1           
-3749.8886,14508.7379,220916,040439,A,25.73,99.09,103.3,1.3,06,1           
-3749.8897,14508.7466,220916,040440,A,24.94,98.92,103.4,1.3,06,1           
-3749.8908,14508.7551,220916,040441,A,24.15,99.26,103.6,1.3,06,1           
-3749.8918,14508.7633,220916,040442,A,23.53,97.99,104.0,2.0,05,1           
-3749.8927,14508.7713,220916,040443,A,23.21,98.21,104.4,1.4,06,1           
-3749.8936,14508.7793,220916,040444,A,23.27,98.48,104.9,1.4,06,1           
-3749.8945,14508.7874,220916,040445,A,23.92,98.41,105.2,1.4,06,1           
-3749.8955,14508.7957,220916,040446,A,24.34,98.72,105.3,1.1,07,1           
-3749.8965,14508.8042,220916,040447,A,24.55,98.76,105.4,1.1,07,1           
-3749.8975,14508.8126,220916,040448,A,24.09,98.95,105.4,1.1,07,1           
-3749.8985,14508.8206,220916,040449,A,22.46,99.16,105.5,1.1,07,1           
-3749.8995,14508.8277,220916,040450,A,19.31,99.22,105.5,1.1,07,1           
-3749.9003,14508.8340,220916,040451,A,17.76,99.05,105.6,1.1,07,1           
-3749.9010,14508.8400,220916,040452,A,17.09,99.24,105.7,1.1,07,1           
-3749.9017,14508.8457,220916,040453,A,16.52,99.00,105.7,1.1,07,1           
-3749.9024,14508.8514,220916,040454,A,16.73,98.72,105.7,1.1,07,1           
-3749.9032,14508.8576,220916,040455,A,19.50,98.03,105.7,1.1,07,1           
-3749.9040,14508.8649,220916,040456,A,22.31,98.35,105.5,1.1,07,1           
-3749.9049,14508.8731,220916,040457,A,24.85,97.85,105.0,1.1,07,1           
-3749.9059,14508.8819,220916,040458,A,26.16,98.29,104.5,1.3,06,1           
-3749.9069,14508.8912,220916,040459,A,26.87,98.09,103.8,1.3,06,1           
-3749.9080,14508.9007,220916,040500,A,27.71,98.86,103.4,1.4,06,1           
-3749.9092,14508.9104,220916,040501,A,27.97,98.95,103.2,1.4,06,1           
-3749.9104,14508.9201,220916,040502,A,27.72,99.03,103.1,1.4,06,1           
-3749.9116,14508.9297,220916,040503,A,27.53,99.21,103.0,1.4,06,1           
-3749.9128,14508.9392,220916,040504,A,27.26,99.12,102.9,1.4,06,1           
-3749.9141,14508.9487,220916,040505,A,26.97,99.88,102.9,1.4,06,1           
-3749.9155,14508.9581,220916,040506,A,27.28,100.49,103.1,1.1,07,1          
-3749.9168,14508.9676,220916,040507,A,27.68,99.34,103.4,1.4,06,1           
-3749.9181,14508.9772,220916,040508,A,27.92,99.23,103.7,1.4,06,1           
-3749.9193,14508.9869,220916,040509,A,28.08,98.99,103.9,2.0,05,1           
-3749.9205,14508.9967,220916,040510,A,28.20,98.62,104.3,1.3,06,1           
-3749.9217,14509.0065,220916,040511,A,28.23,97.89,104.7,1.3,06,1           
-3749.9227,14509.0164,220916,040512,A,28.47,97.18,105.3,1.1,07,1           
-3749.9237,14509.0264,220916,040513,A,28.77,97.70,106.0,1.1,07,1           
-3749.9248,14509.0365,220916,040514,A,29.35,97.92,106.4,1.1,07,1           
-3749.9260,14509.0469,220916,040515,A,30.03,98.60,106.6,1.1,07,1           
-3749.9272,14509.0574,220916,040516,A,30.58,98.36,106.8,1.1,07,1           
-3749.9285,14509.0680,220916,040517,A,30.90,99.11,106.7,1.1,07,1           
-3749.9298,14509.0787,220916,040518,A,31.03,98.23,106.7,1.1,07,1           
-3749.9310,14509.0895,220916,040519,A,31.01,98.16,106.8,1.1,07,1           
-3749.9322,14509.1003,220916,040520,A,30.81,97.97,107.0,1.1,07,1           
-3749.9334,14509.1109,220916,040521,A,30.38,98.66,107.2,1.1,07,1           
-3749.9346,14509.1213,220916,040522,A,29.58,96.95,107.6,1.1,07,1           
-3749.9354,14509.1315,220916,040523,A,28.94,95.18,107.9,1.1,07,1           
-3749.9363,14509.1416,220916,040524,A,29.07,97.56,108.3,1.3,06,1           
-3749.9376,14509.1517,220916,040525,A,29.21,98.75,108.7,1.1,07,1           
-3749.9389,14509.1618,220916,040526,A,29.39,99.07,109.0,1.1,07,1           
-3749.9403,14509.1720,220916,040527,A,29.57,99.56,109.3,1.1,07,1           
-3749.9416,14509.1823,220916,040528,A,29.96,99.13,109.4,1.1,07,1           
-3749.9429,14509.1927,220916,040529,A,30.37,98.34,109.5,1.1,07,1           
-3749.9441,14509.2034,220916,040530,A,30.96,98.31,109.3,1.1,07,1           
-3749.9454,14509.2142,220916,040531,A,31.31,98.14,109.2,1.1,07,1           
-3749.9466,14509.2251,220916,040532,A,31.50,98.01,108.8,1.1,07,1           
-3749.9479,14509.2360,220916,040533,A,31.47,98.15,108.5,1.1,07,1           
-3749.9491,14509.2470,220916,040534,A,31.52,98.29,108.0,1.1,07,1           
-3749.9503,14509.2579,220916,040535,A,31.49,97.90,107.4,1.1,07,1           
-3749.9515,14509.2689,220916,040536,A,31.67,97.90,106.9,1.1,07,1           
-3749.9527,14509.2799,220916,040537,A,31.88,97.21,106.1,1.1,07,1           
-3749.9538,14509.2911,220916,040538,A,32.18,95.99,105.4,1.1,07,1           
-3749.9547,14509.3024,220916,040539,A,32.42,95.28,104.6,1.5,06,1           
-3749.9555,14509.3138,220916,040540,A,32.58,95.08,103.9,1.5,06,1           
-3749.9563,14509.3252,220916,040541,A,32.86,94.44,103.1,1.5,06,1           
-3749.9571,14509.3365,220916,040542,A,31.73,95.38,102.4,1.5,06,1           
-3749.9579,14509.3471,220916,040543,A,28.75,96.00,101.9,1.5,06,1           
-3749.9587,14509.3562,220916,040544,A,23.96,95.96,101.7,2.2,05,1           
-3749.9590,14509.3635,220916,040545,A,19.16,91.63,101.3,1.5,06,1           
-3749.9576,14509.3692,220916,040546,A,16.37,66.71,101.0,1.1,07,1           
-3749.9548,14509.3734,220916,040547,A,15.01,44.79,100.5,2.0,05,1           
-3749.9511,14509.3759,220916,040548,A,15.04,21.37,100.0,2.0,05,1           
-3749.9466,14509.3764,220916,040549,A,17.08,356.16,99.8,2.0,05,1           
-3749.9411,14509.3741,220916,040550,A,19.92,338.52,99.6,1.5,06,1           
-3749.9353,14509.3703,220916,040551,A,23.11,333.86,99.1,1.1,07,1           
-3749.9291,14509.3658,220916,040552,A,25.57,331.14,98.6,1.1,07,1           
-3749.9226,14509.3605,220916,040553,A,27.64,329.30,97.0,1.3,06,1           
-3749.9157,14509.3551,220916,040554,A,29.26,329.45,96.4,2.0,05,1           
-3749.9086,14509.3491,220916,040555,A,30.06,326.33,95.5,2.0,05,1           
-3749.9016,14509.3426,220916,040556,A,30.63,323.78,94.7,2.0,05,1           
-3749.8949,14509.3356,220916,040557,A,30.61,321.06,94.0,2.0,05,1           
-3749.8883,14509.3284,220916,040558,A,30.32,319.91,93.3,1.7,05,1           
-3749.8817,14509.3214,220916,040559,A,30.14,320.13,93.2,1.3,06,1           
-3749.8752,14509.3144,220916,040600,A,29.97,321.19,92.8,1.3,06,1           
-3749.8686,14509.3078,220916,040601,A,29.99,322.81,93.0,1.3,06,1           
-3749.8618,14509.3014,220916,040602,A,29.93,324.44,93.3,1.3,06,1           
-3749.8548,14509.2953,220916,040603,A,29.82,326.34,93.9,1.3,06,1           
-3749.8478,14509.2895,220916,040604,A,29.70,327.81,93.9,2.0,05,1           
-3749.8408,14509.2839,220916,040605,A,29.83,328.96,93.9,2.0,05,1           
-3749.8337,14509.2783,220916,040606,A,29.93,328.66,93.9,2.0,05,1           
-3749.8266,14509.2726,220916,040607,A,29.75,328.07,93.8,2.0,05,1           
-3749.8196,14509.2670,220916,040608,A,29.70,328.64,93.4,1.3,06,1           
-3749.8126,14509.2614,220916,040609,A,29.76,328.31,93.3,1.3,06,1           
-3749.8056,14509.2557,220916,040610,A,29.61,328.10,93.1,1.3,06,1           
-3749.7986,14509.2501,220916,040611,A,29.75,328.20,92.9,2.0,05,1           
-3749.7916,14509.2446,220916,040612,A,29.74,328.46,92.5,1.3,06,1           
-3749.7845,14509.2390,220916,040613,A,29.66,328.10,92.2,1.3,06,1           
-3749.7775,14509.2334,220916,040614,A,29.63,328.65,92.2,1.3,06,1           
-3749.7704,14509.2280,220916,040615,A,29.66,328.87,92.4,1.3,06,1           
-3749.7634,14509.2225,220916,040616,A,29.60,328.95,92.1,1.3,06,1           
-3749.7562,14509.2170,220916,040617,A,29.89,329.66,92.0,1.3,06,1           
-3749.7491,14509.2117,220916,040618,A,29.69,330.13,91.8,2.0,05,1           
-3749.7418,14509.2067,220916,040619,A,29.66,332.62,91.4,2.0,05,1           
-3749.7344,14509.2022,220916,040620,A,29.53,336.50,91.0,1.3,06,1           
-3749.7268,14509.1984,220916,040621,A,29.44,339.57,90.7,1.6,05,1           
-3749.7190,14509.1949,220916,040622,A,29.50,340.54,90.7,1.3,06,1           
-3749.7111,14509.1915,220916,040623,A,29.63,340.57,90.5,1.3,06,1           
-3749.7033,14509.1880,220916,040624,A,29.78,340.43,90.3,1.3,06,1           
-3749.6954,14509.1845,220916,040625,A,29.84,340.38,90.2,1.3,06,1           
-3749.6875,14509.1810,220916,040626,A,29.84,340.22,90.2,1.3,06,1           
-3749.6796,14509.1774,220916,040627,A,30.17,340.13,90.3,1.3,06,1           
-3749.6717,14509.1738,220916,040628,A,30.01,340.32,90.1,2.0,05,1           
-3749.6638,14509.1703,220916,040629,A,29.97,341.37,89.9,1.3,06,1           
-3749.6559,14509.1671,220916,040630,A,30.03,343.14,89.9,1.3,06,1           
-3749.6477,14509.1643,220916,040631,A,30.38,346.50,89.9,1.3,06,1           
-3749.6394,14509.1624,220916,040632,A,30.59,351.79,89.8,2.0,05,1           
-3749.6308,14509.1609,220916,040633,A,30.85,352.01,89.6,2.0,05,1           
-3749.6223,14509.1594,220916,040634,A,30.75,352.10,89.9,1.3,06,1           
-3749.6138,14509.1580,220916,040635,A,30.55,352.02,90.3,1.3,06,1           
-3749.6054,14509.1566,220916,040636,A,30.35,352.09,90.5,2.0,05,1           
-3749.5971,14509.1551,220916,040637,A,30.05,351.89,91.1,1.3,06,1           
-3749.5888,14509.1538,220916,040638,A,29.72,352.18,91.7,1.3,06,1           
-3749.5808,14509.1525,220916,040639,A,28.97,352.11,92.2,1.3,06,1           
-3749.5726,14509.1513,220916,040640,A,29.33,352.62,93.4,1.3,06,1           
-3749.5645,14509.1501,220916,040641,A,29.28,352.73,94.4,1.3,06,1           
-3749.5564,14509.1488,220916,040642,A,28.90,352.34,95.5,1.3,06,1           
-3749.5483,14509.1474,220916,040643,A,29.45,351.90,96.6,1.3,06,1           
-3749.5401,14509.1460,220916,040644,A,29.50,352.26,97.1,2.0,05,1           
-3749.5319,14509.1445,220916,040645,A,29.83,351.88,97.9,1.3,06,1           
-3749.5236,14509.1430,220916,040646,A,29.94,351.65,98.6,1.3,06,1           
-3749.5153,14509.1415,220916,040647,A,30.01,352.11,99.3,1.3,06,1           
-3749.5069,14509.1400,220916,040648,A,30.33,351.97,100.1,1.3,06,1          
-3749.4985,14509.1385,220916,040649,A,30.06,352.02,100.9,1.3,06,1          
-3749.4901,14509.1371,220916,040650,A,30.58,352.13,102.0,1.3,06,1          
-3749.4816,14509.1357,220916,040651,A,30.42,352.45,103.1,1.3,06,1          
-3749.4731,14509.1343,220916,040652,A,31.18,352.71,103.8,2.0,05,1          
-3749.4645,14509.1331,220916,040653,A,31.33,354.61,104.4,2.0,05,1          
-3749.4558,14509.1326,220916,040654,A,30.79,359.56,104.9,2.0,05,1          
-3749.4471,14509.1330,220916,040655,A,31.75,4.70,105.2,2.0,05,1            
-3749.4381,14509.1343,220916,040656,A,32.25,7.36,105.6,1.3,06,1            
-3749.4291,14509.1358,220916,040657,A,32.53,7.77,105.9,1.7,05,1            
-3749.4200,14509.1375,220916,040658,A,32.54,8.66,106.1,1.8,04,1            
-3749.4110,14509.1393,220916,040659,A,32.49,8.56,106.2,1.3,06,1            
-3749.4018,14509.1410,220916,040700,A,32.66,7.49,107.7,1.3,06,1            
-3749.3928,14509.1426,220916,040701,A,32.39,7.48,107.9,2.0,05,1            
-3749.3839,14509.1442,220916,040702,A,32.25,8.18,108.0,2.0,05,1            
-3749.3750,14509.1459,220916,040703,A,32.10,9.16,108.4,2.0,05,1            
-3749.3662,14509.1479,220916,040704,A,32.17,9.90,108.5,2.0,05,1            
-3749.3574,14509.1499,220916,040705,A,32.23,9.74,108.7,2.0,05,1            
-3749.3486,14509.1519,220916,040706,A,31.81,9.37,108.9,2.0,05,1            
-3749.3399,14509.1538,220916,040707,A,32.02,9.04,108.6,1.3,06,1            
-3749.3310,14509.1557,220916,040708,A,32.32,9.17,108.8,1.3,06,1            
-3749.3221,14509.1576,220916,040709,A,32.37,9.05,108.7,2.0,05,1            
-3749.3135,14509.1595,220916,040710,A,30.64,9.25,108.6,2.0,05,1            
-3749.3056,14509.1611,220916,040711,A,27.22,9.63,108.3,1.3,06,1            
-3749.2987,14509.1625,220916,040712,A,23.64,9.92,107.9,1.3,06,1            
-3749.2929,14509.1636,220916,040713,A,19.46,8.66,107.1,1.3,06,1            
-3749.2882,14509.1644,220916,040714,A,15.39,7.97,106.5,1.3,06,1            
-3749.2848,14509.1650,220916,040715,A,11.17,7.90,106.0,1.3,06,1            
-3749.2825,14509.1654,220916,040716,A,7.06,7.30,105.7,1.3,06,1             
-3749.2813,14509.1655,220916,040717,A,3.59,7.66,105.3,1.3,06,1             
-3749.2808,14509.1656,220916,040718,A,2.03,8.32,105.1,1.3,06,1             
-3749.2805,14509.1657,220916,040719,A,1.31,8.93,104.9,1.3,06,1             
-3749.2787,14509.1660,220916,040848,A,2.75,8.80,105.2,1.3,06,1             
-3749.2777,14509.1662,220916,040849,A,4.59,9.44,105.1,1.3,06,1             
-3749.2762,14509.1666,220916,040850,A,6.48,9.54,105.1,1.3,06,1             
-3749.2739,14509.1671,220916,040851,A,10.34,9.48,105.0,1.3,06,1            
-3749.2707,14509.1677,220916,040852,A,12.32,9.30,104.8,1.3,06,1            
-3749.2670,14509.1685,220916,040853,A,14.34,9.11,104.7,1.3,06,1            
-3749.2627,14509.1694,220916,040854,A,16.57,8.79,104.5,1.3,06,1            
-3749.2580,14509.1703,220916,040855,A,17.51,8.58,104.2,1.3,06,1            
-3749.2532,14509.1712,220916,040856,A,17.16,8.70,103.9,2.1,05,1            
-3749.2485,14509.1721,220916,040857,A,16.62,8.15,103.7,2.1,05,1            
-3749.2439,14509.1729,220916,040858,A,16.11,8.33,103.5,2.1,05,1            
-3749.2396,14509.1737,220916,040859,A,15.35,8.78,103.4,1.8,04,1            
-3749.2356,14509.1745,220916,040900,A,13.64,9.15,103.4,2.1,05,1            
-3749.2320,14509.1751,220916,040901,A,12.08,9.15,103.6,2.1,05,1            
-3749.2289,14509.1758,220916,040902,A,11.45,9.45,103.5,2.1,05,1            
-3749.2257,14509.1765,220916,040903,A,11.69,9.63,103.3,1.3,06,1            
-3749.2226,14509.1771,220916,040904,A,11.80,8.89,103.0,1.3,06,1            
-3749.2194,14509.1777,220916,040905,A,11.33,9.58,102.9,1.3,06,1            
-3749.2164,14509.1783,220916,040906,A,10.78,9.35,102.7,1.3,06,1            
-3749.2135,14509.1789,220916,040907,A,10.71,9.53,102.5,1.3,06,1            
-3749.2105,14509.1796,220916,040908,A,11.27,10.78,102.5,1.3,06,1           
-3749.2075,14509.1804,220916,040909,A,10.52,11.09,102.7,1.3,06,1           
-3749.2049,14509.1811,220916,040910,A,8.15,11.35,103.6,1.3,06,1            
-3749.2031,14509.1814,220916,040911,A,5.24,10.62,104.3,2.1,05,1            
-3749.2017,14509.1816,220916,040912,A,4.68,10.28,105.0,2.1,05,1            
-3749.2002,14509.1818,220916,040913,A,6.19,9.50,105.8,2.1,05,1             
-3749.1983,14509.1821,220916,040914,A,7.34,8.90,106.5,2.1,05,1             
-3749.1963,14509.1823,220916,040915,A,7.32,8.62,107.2,2.1,05,1             
-3749.1946,14509.1825,220916,040916,A,5.04,6.54,107.8,2.1,05,1             
-3749.1935,14509.1826,220916,040917,A,2.91,7.23,108.4,2.1,05,1             
-3749.1928,14509.1826,220916,040918,A,2.66,5.93,108.9,2.1,05,1             
-3749.1920,14509.1826,220916,040919,A,2.59,2.17,109.8,1.3,06,1             
-3749.1912,14509.1827,220916,040920,A,2.57,358.00,111.1,1.3,06,1           
-3749.1903,14509.1826,220916,040921,A,3.60,353.99,112.2,1.3,06,1           
-3749.1890,14509.1822,220916,040922,A,5.71,348.06,112.6,2.1,05,1           
-3749.1872,14509.1815,220916,040923,A,7.35,341.25,112.8,1.3,06,1           
-3749.1854,14509.1800,220916,040924,A,8.62,336.46,111.2,1.3,06,1           
-3749.1833,14509.1787,220916,040925,A,8.94,342.11,110.3,1.3,06,1           
-3749.1810,14509.1783,220916,040926,A,8.67,6.67,110.0,1.3,06,1             
-3749.1788,14509.1795,220916,040927,A,8.88,31.83,109.7,1.3,06,1            
-3749.1770,14509.1819,220916,040928,A,10.42,50.01,109.7,2.1,05,1           
-3749.1753,14509.1854,220916,040929,A,12.43,60.98,109.6,2.1,05,1           
-3749.1737,14509.1896,220916,040930,A,13.70,65.52,109.5,1.3,06,1           
-3749.1723,14509.1940,220916,040931,A,13.49,66.76,109.5,1.7,05,1           
-3749.1709,14509.1983,220916,040932,A,12.62,67.08,109.5,1.3,06,1           
-3749.1695,14509.2024,220916,040933,A,12.18,65.17,109.5,1.3,06,1           
-3749.1681,14509.2065,220916,040934,A,12.94,64.34,109.4,1.3,06,1           
-3749.1664,14509.2109,220916,040935,A,14.73,63.55,109.3,1.3,06,1           
-3749.1645,14509.2158,220916,040936,A,16.08,62.73,109.0,1.3,06,1           
-3749.1625,14509.2209,220916,040937,A,15.77,62.85,108.8,1.3,06,1           
-3749.1606,14509.2255,220916,040938,A,13.41,60.92,108.6,1.3,06,1           
-3749.1588,14509.2289,220916,040939,A,10.47,49.18,108.2,1.3,06,1           
-3749.1566,14509.2312,220916,040940,A,10.16,31.38,108.0,2.1,05,1           
-3749.1538,14509.2327,220916,040941,A,11.45,18.72,107.9,2.1,05,1           
-3749.1506,14509.2338,220916,040942,A,12.27,12.88,107.9,1.8,04,1           
-3749.1472,14509.2347,220916,040943,A,13.53,14.57,107.0,1.3,06,1           
-3749.1431,14509.2360,220916,040944,A,16.80,16.06,106.7,1.3,06,1           
-3749.1381,14509.2376,220916,040945,A,19.78,13.53,106.4,1.3,06,1           
-3749.1323,14509.2388,220916,040946,A,21.78,5.56,106.3,2.1,05,1            
-3749.1259,14509.2393,220916,040947,A,23.23,3.70,106.3,2.1,05,1            
-3749.1193,14509.2400,220916,040948,A,23.90,6.13,106.3,2.1,05,1            
-3749.1127,14509.2411,220916,040949,A,23.57,8.69,106.4,2.1,05,1            
-3749.1062,14509.2424,220916,040950,A,22.82,9.58,106.3,1.8,04,1            
-3749.1001,14509.2436,220916,040951,A,21.70,9.07,106.2,1.8,04,1            
-3749.0941,14509.2448,220916,040952,A,20.60,8.59,107.2,1.7,05,1            
-3749.0886,14509.2459,220916,040953,A,18.47,8.56,108.5,1.7,05,1            
-3749.0838,14509.2469,220916,040954,A,16.01,8.92,109.1,1.3,06,1            
-3749.0797,14509.2477,220916,040955,A,14.23,9.60,109.6,1.3,06,1            
-3749.0761,14509.2485,220916,040956,A,12.12,9.67,109.5,1.3,06,1            
-3749.0730,14509.2491,220916,040957,A,10.14,9.94,110.1,1.3,06,1            
-3749.0704,14509.2497,220916,040958,A,8.99,9.74,110.5,1.3,06,1             
-3749.0680,14509.2502,220916,040959,A,8.71,9.73,110.7,1.3,06,1             
-3749.0654,14509.2508,220916,041000,A,10.26,9.78,110.8,1.3,06,1            
-3749.0623,14509.2514,220916,041001,A,12.33,10.18,111.0,1.3,06,1           
-3749.0589,14509.2524,220916,041002,A,13.30,15.36,111.2,1.3,06,1           
-3749.0555,14509.2542,220916,041003,A,13.04,29.51,111.3,1.3,06,1           
-3749.0529,14509.2571,220916,041004,A,12.91,47.72,111.3,2.1,05,1           
-3749.0513,14509.2610,220916,041005,A,12.92,71.78,111.3,2.1,05,1           
-3749.0510,14509.2659,220916,041006,A,15.02,92.55,111.3,2.1,05,1           
-3749.0516,14509.2718,220916,041007,A,17.60,95.90,110.9,2.1,05,1           
-3749.0523,14509.2785,220916,041008,A,19.83,95.02,110.5,2.1,05,1           
-3749.0530,14509.2858,220916,041009,A,21.33,94.92,110.2,2.1,05,1           
-3749.0537,14509.2935,220916,041010,A,21.93,95.29,109.9,2.1,05,1           
-3749.0544,14509.3013,220916,041011,A,21.99,95.58,110.1,2.1,05,1           
-3749.0551,14509.3090,220916,041012,A,22.00,95.99,110.3,1.8,04,1           
-3749.0556,14509.3165,220916,041013,A,21.07,94.61,110.4,1.8,04,1           
-3749.0559,14509.3238,220916,041014,A,20.22,90.93,110.5,2.1,05,1           
-3749.0561,14509.3307,220916,041015,A,19.13,90.19,110.9,2.1,05,1           
-3749.0563,14509.3373,220916,041016,A,18.17,92.57,111.3,2.1,05,1           
-3749.0567,14509.3434,220916,041017,A,17.03,94.78,111.5,2.1,05,1           
-3749.0572,14509.3491,220916,041018,A,15.99,95.73,111.7,2.1,05,1           
-3749.0576,14509.3546,220916,041019,A,14.84,95.53,112.7,1.3,06,1           
-3749.0580,14509.3593,220916,041020,A,12.40,95.45,113.1,1.3,06,1           
-3749.0584,14509.3629,220916,041021,A,9.07,95.80,113.5,1.3,06,1            
-3749.0586,14509.3653,220916,041022,A,5.48,96.13,113.6,1.3,06,1            
-3749.0588,14509.3665,220916,041023,A,1.87,96.42,113.7,1.3,06,1            
-3749.0589,14509.3668,220916,041101,A,2.37,96.07,114.1,1.3,06,1            
-3749.0590,14509.3685,220916,041102,A,7.39,96.65,114.3,1.3,06,1            
-3749.0594,14509.3718,220916,041103,A,11.90,96.60,114.3,2.1,05,1           
-3749.0598,14509.3766,220916,041104,A,15.19,96.58,114.3,2.1,05,1           
-3749.0604,14509.3824,220916,041105,A,18.01,96.08,114.3,2.1,05,1           
-3749.0609,14509.3892,220916,041106,A,20.67,95.70,114.2,2.1,05,1           
-3749.0616,14509.3968,220916,041107,A,22.63,95.62,114.0,2.1,05,1           
-3749.0623,14509.4050,220916,041108,A,24.22,96.04,113.9,2.1,05,1           
-3749.0630,14509.4138,220916,041109,A,25.89,95.94,113.7,2.1,05,1           
-3749.0638,14509.4232,220916,041110,A,27.30,96.82,113.5,3.3,04,1           
-3749.0646,14509.4329,220916,041111,A,28.10,95.89,113.3,3.3,04,1           
-3749.0654,14509.4430,220916,041112,A,28.95,96.18,114.0,1.6,05,1           
-3749.0662,14509.4534,220916,041113,A,29.37,96.15,114.7,1.3,06,1           
-3749.0671,14509.4639,220916,041114,A,30.14,96.44,115.3,1.3,06,1           
-3749.0680,14509.4746,220916,041115,A,30.47,96.01,115.9,1.3,06,1           
-3749.0689,14509.4854,220916,041116,A,30.53,95.07,116.2,1.3,06,1           
-3749.0697,14509.4963,220916,041117,A,30.59,95.77,116.4,1.3,06,1           
-3749.0705,14509.5071,220916,041118,A,30.70,95.53,116.7,1.3,06,1           
-3749.0714,14509.5180,220916,041119,A,30.86,95.52,117.0,1.3,06,1           
-3749.0722,14509.5289,220916,041120,A,30.94,95.32,117.4,1.3,06,1           
-3749.0731,14509.5398,220916,041121,A,31.10,95.38,117.7,1.3,06,1           
-3749.0739,14509.5507,220916,041122,A,31.16,95.08,117.7,2.1,05,1           
-3749.0746,14509.5616,220916,041123,A,31.28,95.21,117.9,2.1,05,1           
-3749.0753,14509.5726,220916,041124,A,31.65,93.32,118.1,2.1,05,1           
-3749.0757,14509.5837,220916,041125,A,31.63,92.76,118.3,2.1,05,1           
-3749.0762,14509.5948,220916,041126,A,31.95,92.48,118.6,1.8,04,1           
-3749.0767,14509.6059,220916,041127,A,31.81,92.76,118.8,1.8,04,1           
-3749.0770,14509.6172,220916,041128,A,32.27,91.64,119.1,2.1,05,1           
-3749.0773,14509.6286,220916,041129,A,31.93,91.40,119.4,2.1,05,1           
-3749.0776,14509.6398,220916,041130,A,31.87,92.15,119.6,2.1,05,1           
-3749.0780,14509.6511,220916,041131,A,31.96,93.28,119.8,2.1,05,1           
-3749.0785,14509.6624,220916,041132,A,32.09,92.52,120.1,2.1,05,1           
-3749.0789,14509.6736,220916,041133,A,32.26,92.15,120.3,3.3,04,1           
-3749.0792,14509.6850,220916,041134,A,32.47,92.02,120.6,2.1,05,1           
-3749.0796,14509.6965,220916,041135,A,32.68,92.10,120.9,2.1,05,1           
-3749.0799,14509.7080,220916,041136,A,33.01,92.41,121.2,2.1,05,1           
-3749.0804,14509.7197,220916,041137,A,33.29,92.37,121.4,2.2,05,1           
-3749.0808,14509.7315,220916,041138,A,33.57,92.37,121.7,2.2,05,1           
-3749.0812,14509.7433,220916,041139,A,33.87,92.43,121.9,2.2,05,1           
-3749.0816,14509.7553,220916,041140,A,34.17,92.45,122.1,2.2,05,1           
-3749.0820,14509.7673,220916,041141,A,34.18,92.29,122.3,2.2,05,1           
-3749.0824,14509.7793,220916,041142,A,34.24,91.90,122.6,2.2,05,1           
-3749.0827,14509.7914,220916,041143,A,34.28,91.73,122.8,2.2,05,1           
-3749.0830,14509.8035,220916,041144,A,34.18,92.18,123.8,1.3,06,1           
-3749.0833,14509.8156,220916,041145,A,34.03,92.27,124.6,1.3,06,1           
-3749.0836,14509.8274,220916,041146,A,33.59,91.90,124.8,1.3,06,1           
-3749.0839,14509.8392,220916,041147,A,33.23,91.17,125.3,1.3,06,1           
-3749.0841,14509.8509,220916,041148,A,33.04,92.01,125.8,1.6,05,1           
-3749.0845,14509.8625,220916,041149,A,32.99,91.93,126.1,1.3,06,1           
-3749.0847,14509.8742,220916,041150,A,33.27,91.76,126.5,1.3,06,1           
-3749.0850,14509.8859,220916,041151,A,33.61,91.93,126.5,2.2,05,1           
-3749.0853,14509.8977,220916,041152,A,33.75,92.19,126.6,2.2,05,1           
-3749.0857,14509.9096,220916,041153,A,33.84,92.12,126.7,2.2,05,1           
-3749.0859,14509.9217,220916,041154,A,34.12,92.35,128.3,18.4,04,1          
-3749.0863,14509.9337,220916,041155,A,34.21,92.06,128.9,1.6,05,1           
-3749.0866,14509.9457,220916,041156,A,34.30,91.73,129.4,1.3,06,1           
-3749.0869,14509.9578,220916,041157,A,34.35,91.74,129.8,1.3,06,1           
-3749.0873,14509.9698,220916,041158,A,34.27,91.82,130.1,2.2,05,1           
-3749.0875,14509.9818,220916,041159,A,34.10,91.99,130.3,2.2,05,1           
-3749.0879,14509.9937,220916,041200,A,33.87,92.24,130.5,2.2,05,1           
-3749.0883,14510.0055,220916,041201,A,33.92,92.47,130.7,2.2,05,1           
-3749.0887,14510.0174,220916,041202,A,34.00,92.66,130.8,2.2,05,1           
-3749.0892,14510.0292,220916,041203,A,34.05,92.02,130.8,2.2,05,1           
-3749.0895,14510.0411,220916,041204,A,34.18,92.55,130.7,2.2,05,1           
-3749.0898,14510.0531,220916,041205,A,33.95,91.79,130.7,1.3,06,1           
-3749.0901,14510.0649,220916,041206,A,33.63,92.21,130.9,1.3,06,1           
-3749.0905,14510.0767,220916,041207,A,33.14,92.67,131.1,1.3,06,1           
-3749.0910,14510.0883,220916,041208,A,32.81,92.45,131.1,1.3,06,1           
-3749.0913,14510.0997,220916,041209,A,32.47,92.22,131.2,1.3,06,1           
-3749.0916,14510.1110,220916,041210,A,32.27,91.98,131.2,1.3,06,1           
-3749.0919,14510.1223,220916,041211,A,32.20,91.91,131.2,1.3,06,1           
-3749.0923,14510.1336,220916,041212,A,32.30,92.53,131.3,1.3,06,1           
-3749.0927,14510.1449,220916,041213,A,32.56,93.04,131.4,1.3,06,1           
-3749.0931,14510.1563,220916,041214,A,32.68,91.44,131.5,1.3,06,1           
-3749.0933,14510.1678,220916,041215,A,32.78,93.28,131.5,2.2,05,1           
-3749.0938,14510.1793,220916,041216,A,32.88,92.45,131.6,2.2,05,1           
-3749.0941,14510.1908,220916,041217,A,32.96,92.59,131.6,2.2,05,1           
-3749.0944,14510.2024,220916,041218,A,33.22,92.26,131.6,2.2,05,1           
-3749.0948,14510.2140,220916,041219,A,33.05,92.38,131.7,2.2,05,1           
-3749.0951,14510.2255,220916,041220,A,32.81,91.89,131.8,2.2,05,1           
-3749.0954,14510.2369,220916,041221,A,32.58,91.84,131.9,2.2,05,1           
-3749.0957,14510.2481,220916,041222,A,31.78,91.72,132.1,2.2,05,1           
-3749.0959,14510.2591,220916,041223,A,30.96,91.53,132.3,2.2,05,1           
-3749.0962,14510.2696,220916,041224,A,29.52,91.41,132.4,2.2,05,1           
-3749.0964,14510.2793,220916,041225,A,26.74,91.65,132.6,2.2,05,1           
-3749.0967,14510.2880,220916,041226,A,23.54,92.33,132.7,2.2,05,1           
-3749.0970,14510.2954,220916,041227,A,19.55,93.46,132.9,2.2,05,1           
-3749.0972,14510.3013,220916,041228,A,15.17,92.33,132.9,2.2,05,1           
-3749.0973,14510.3056,220916,041229,A,10.60,91.33,133.0,2.2,05,1           
-3749.0974,14510.3081,220916,041230,A,5.63,92.33,132.9,2.2,05,1            
-3749.0976,14510.3091,220916,041316,A,1.36,90.54,133.9,3.4,04,1            
-3749.0978,14510.3099,220916,041317,A,6.05,92.47,132.2,1.5,05,1            
-3749.0979,14510.3127,220916,041318,A,10.87,92.68,132.0,1.5,05,1           
-3749.0981,14510.3171,220916,041319,A,14.58,92.15,132.0,1.3,06,1           
-3749.0982,14510.3226,220916,041320,A,17.44,92.00,132.0,1.3,06,1           
-3749.0983,14510.3292,220916,041321,A,20.12,91.88,132.1,1.3,06,1           
-3749.0985,14510.3367,220916,041322,A,22.53,91.65,132.2,2.2,05,1           
-3749.0987,14510.3449,220916,041323,A,24.34,91.73,132.3,2.2,05,1           
-3749.0988,14510.3538,220916,041324,A,26.09,91.07,132.4,2.2,05,1           
-3749.0990,14510.3631,220916,041325,A,26.91,90.87,132.4,2.2,05,1           
-3749.0992,14510.3728,220916,041326,A,27.76,91.09,132.6,1.3,06,1           
-3749.0995,14510.3827,220916,041327,A,28.56,93.84,132.6,1.3,06,1           
-3749.0999,14510.3927,220916,041328,A,28.85,91.88,132.7,1.3,06,1           
-3749.1001,14510.4030,220916,041329,A,28.79,92.53,133.1,1.3,06,1           
-3749.1005,14510.4131,220916,041330,A,28.80,92.00,133.1,2.2,05,1           
-3749.1009,14510.4232,220916,041331,A,28.59,94.27,133.0,2.2,05,1           
-3749.1013,14510.4331,220916,041332,A,28.17,92.02,132.9,2.2,05,1           
-3749.1015,14510.4430,220916,041333,A,27.96,91.55,132.9,2.2,05,1           
-3749.1017,14510.4528,220916,041334,A,27.80,91.47,133.0,2.2,05,1           
-3749.1018,14510.4626,220916,041335,A,27.98,91.45,133.1,2.2,05,1           
-3749.1020,14510.4725,220916,041336,A,28.48,91.50,133.1,2.2,05,1           
-3749.1022,14510.4825,220916,041337,A,28.68,91.64,133.2,2.2,05,1           
-3749.1024,14510.4926,220916,041338,A,28.66,92.04,133.3,2.2,05,1           
-3749.1027,14510.5026,220916,041339,A,28.49,92.39,133.5,2.2,05,1           
-3749.1030,14510.5126,220916,041340,A,28.49,92.22,133.7,2.2,05,1           
-3749.1032,14510.5226,220916,041341,A,28.51,91.67,134.0,2.2,05,1           
-3749.1034,14510.5326,220916,041342,A,28.53,91.16,134.3,2.2,05,1           
-3749.1035,14510.5426,220916,041343,A,28.40,90.79,134.7,2.2,05,1           
-3749.1036,14510.5526,220916,041344,A,28.19,90.90,135.1,2.2,05,1           
-3749.1037,14510.5624,220916,041345,A,27.90,91.34,135.5,2.2,05,1           
-3749.1039,14510.5721,220916,041346,A,27.29,92.38,135.8,2.2,05,1           
-3749.1043,14510.5815,220916,041347,A,26.29,93.58,136.2,2.2,05,1           
-3749.1049,14510.5905,220916,041348,A,25.42,94.83,136.6,2.2,05,1           
-3749.1055,14510.5993,220916,041349,A,25.17,95.53,136.9,2.2,05,1           
-3749.1061,14510.6082,220916,041350,A,25.42,94.17,137.2,2.2,05,1           
-3749.1065,14510.6171,220916,041351,A,25.85,92.88,137.5,2.2,05,1           
-3749.1068,14510.6262,220916,041352,A,26.34,92.24,137.8,2.2,05,1           
-3749.1071,14510.6355,220916,041353,A,26.78,91.86,138.1,2.2,05,1           
-3749.1073,14510.6450,220916,041354,A,27.00,91.65,138.3,2.2,05,1           
-3749.1075,14510.6544,220916,041355,A,26.73,91.60,138.6,2.2,05,1           
-3749.1077,14510.6637,220916,041356,A,26.45,91.62,138.8,2.2,05,1           
-3749.1079,14510.6729,220916,041357,A,26.17,91.60,139.0,2.2,05,1           
-3749.1082,14510.6820,220916,041358,A,25.93,91.84,139.1,2.2,05,1           
-3749.1083,14510.6910,220916,041359,A,25.74,90.00,139.4,2.2,05,1           
-3749.1081,14510.7000,220916,041400,A,25.61,87.41,139.6,2.2,05,1           
-3749.1076,14510.7089,220916,041401,A,25.36,84.89,139.8,2.2,05,1           
-3749.1068,14510.7177,220916,041402,A,25.17,82.95,140.0,2.2,05,1           
-3749.1058,14510.7264,220916,041403,A,25.18,81.61,140.2,2.2,05,1           
-3749.1047,14510.7351,220916,041404,A,25.12,80.40,140.4,2.2,05,1           
-3749.1034,14510.7437,220916,041405,A,24.98,79.17,140.6,2.2,05,1           
-3749.1019,14510.7524,220916,041406,A,25.73,78.25,140.7,2.2,05,1           
-3749.1004,14510.7616,220916,041407,A,27.42,78.67,140.9,2.2,05,1           
-3749.0988,14510.7714,220916,041408,A,29.18,79.01,141.1,2.2,05,1           
-3749.0972,14510.7818,220916,041409,A,30.95,79.54,141.4,2.2,05,1           
-3749.0956,14510.7928,220916,041410,A,32.48,79.56,141.4,2.2,05,1           
-3749.0939,14510.8042,220916,041411,A,33.54,79.84,141.2,2.2,05,1           
-3749.0922,14510.8158,220916,041412,A,33.94,80.09,141.1,2.2,05,1           
-3749.0906,14510.8276,220916,041413,A,34.28,80.28,141.0,2.2,05,1           
-3749.0889,14510.8395,220916,041414,A,34.59,80.58,140.9,2.2,05,1           
-3749.0874,14510.8516,220916,041415,A,34.77,80.99,140.9,2.2,05,1           
-3749.0858,14510.8636,220916,041416,A,34.72,81.32,140.8,2.2,05,1           
-3749.0844,14510.8757,220916,041417,A,34.52,81.52,140.8,2.2,05,1           
-3749.0829,14510.8876,220916,041418,A,34.46,80.96,140.8,2.2,05,1           
-3749.0813,14510.8996,220916,041419,A,34.72,80.57,140.7,2.2,05,1           
-3749.0797,14510.9117,220916,041420,A,35.11,80.23,140.5,2.2,05,1           
-3749.0780,14510.9239,220916,041421,A,35.21,80.33,140.5,2.2,05,1           
-3749.0764,14510.9360,220916,041422,A,35.18,80.53,140.5,2.2,05,1           
-3749.0748,14510.9482,220916,041423,A,35.12,80.82,140.5,2.2,05,1           
-3749.0732,14510.9603,220916,041424,A,35.05,80.52,140.6,2.2,05,1           
-3749.0715,14510.9725,220916,041425,A,35.06,79.80,140.7,2.2,05,1           
-3749.0697,14510.9846,220916,041426,A,35.02,79.75,140.9,2.2,05,1           
-3749.0680,14510.9966,220916,041427,A,34.82,80.19,141.2,2.2,05,1           
-3749.0664,14511.0086,220916,041428,A,34.56,80.16,141.4,2.2,05,1           
-3749.0647,14511.0205,220916,041429,A,34.47,80.16,141.7,2.2,05,1           
-3749.0631,14511.0324,220916,041430,A,34.49,80.27,141.9,2.2,05,1           
-3749.0615,14511.0444,220916,041431,A,34.60,80.34,142.2,2.2,05,1           
-3749.0598,14511.0564,220916,041432,A,34.79,80.39,142.5,2.2,05,1           
-3749.0582,14511.0684,220916,041433,A,34.99,79.90,142.9,2.2,05,1           
-3749.0564,14511.0805,220916,041434,A,35.03,79.46,143.2,2.2,05,1           
-3749.0546,14511.0925,220916,041435,A,34.94,79.54,143.5,2.2,05,1           
-3749.0529,14511.1046,220916,041436,A,34.89,79.70,143.9,2.2,05,1           
-3749.0512,14511.1166,220916,041437,A,34.80,79.99,144.1,2.2,05,1           
-3749.0495,14511.1285,220916,041438,A,34.74,80.02,144.4,2.2,05,1           
-3749.0478,14511.1405,220916,041439,A,34.74,80.13,144.7,2.2,05,1           
-3749.0462,14511.1525,220916,041440,A,34.70,80.25,144.9,2.2,05,1           
-3749.0445,14511.1645,220916,041441,A,34.78,80.18,145.1,2.2,05,1           
-3749.0429,14511.1765,220916,041442,A,34.92,80.05,145.3,2.2,05,1           
-3749.0412,14511.1886,220916,041443,A,35.23,80.01,145.4,2.2,05,1           
-3749.0395,14511.2008,220916,041444,A,35.70,80.01,145.4,2.2,05,1           
-3749.0378,14511.2131,220916,041445,A,36.06,79.98,145.4,2.2,05,1           
-3749.0360,14511.2256,220916,041446,A,36.34,80.04,145.3,2.2,05,1           
-3749.0343,14511.2382,220916,041447,A,36.53,80.03,145.2,2.2,05,1           
-3749.0326,14511.2508,220916,041448,A,36.70,80.03,145.1,2.2,05,1           
-3749.0308,14511.2635,220916,041449,A,36.80,79.99,145.0,2.2,05,1           
-3749.0290,14511.2761,220916,041450,A,36.77,79.94,144.9,2.2,05,1           
-3749.0272,14511.2888,220916,041451,A,36.71,79.92,144.8,2.2,05,1           
-3749.0254,14511.3015,220916,041452,A,36.64,79.86,144.7,2.2,05,1           
-3749.0237,14511.3140,220916,041453,A,36.46,79.95,144.5,2.3,05,1           
-3749.0219,14511.3265,220916,041454,A,36.22,79.58,144.3,2.3,05,1           
-3749.0201,14511.3389,220916,041455,A,35.94,79.52,143.9,2.3,05,1           
-3749.0183,14511.3512,220916,041456,A,35.68,79.78,144.1,2.3,05,1           
-3749.0166,14511.3634,220916,041457,A,35.27,79.67,143.8,2.3,05,1           
-3749.0149,14511.3757,220916,041458,A,35.57,79.90,144.2,2.3,05,1           
-3749.0131,14511.3880,220916,041459,A,35.40,80.20,144.6,2.3,05,1           
-3749.0115,14511.4001,220916,041500,A,34.91,80.42,145.1,2.3,05,1           
-3749.0098,14511.4122,220916,041501,A,34.84,80.31,145.6,2.3,05,1           
-3749.0081,14511.4241,220916,041502,A,34.59,80.22,146.0,2.3,05,1           
-3749.0065,14511.4360,220916,041503,A,34.35,79.83,146.5,2.3,05,1           
-3749.0047,14511.4478,220916,041504,A,34.08,79.34,147.0,2.3,05,1           
-3749.0029,14511.4594,220916,041505,A,33.79,79.01,147.4,2.3,05,1           
-3749.0011,14511.4710,220916,041506,A,33.38,78.97,147.9,2.3,05,1           
-3748.9994,14511.4823,220916,041507,A,33.01,79.50,148.4,2.3,05,1           
-3748.9978,14511.4936,220916,041508,A,32.59,80.00,148.9,2.3,05,1           
-3748.9962,14511.5047,220916,041509,A,32.03,80.50,149.3,2.3,05,1           
-3748.9948,14511.5157,220916,041510,A,31.61,80.45,149.8,2.3,05,1           
-3748.9932,14511.5265,220916,041511,A,30.79,79.99,150.8,2.3,05,1           
-3748.9917,14511.5368,220916,041512,A,29.67,79.76,151.7,2.3,05,1           
-3748.9903,14511.5465,220916,041513,A,26.67,80.47,152.6,2.3,05,1           
-3748.9894,14511.5547,220916,041514,A,21.30,83.51,153.4,2.3,05,1           
-3748.9889,14511.5611,220916,041515,A,16.62,86.77,154.2,2.3,05,1           
-3748.9886,14511.5663,220916,041516,A,13.96,83.95,154.8,2.3,05,1           
-3748.9882,14511.5702,220916,041517,A,9.77,80.76,155.4,2.3,05,1            
-3748.9879,14511.5725,220916,041518,A,4.74,80.12,155.9,2.3,05,1            
-3748.9877,14511.5733,220916,041519,A,1.94,79.61,156.4,2.3,05,1            
-3748.9877,14511.5737,220916,041520,A,1.45,79.70,156.1,2.3,05,1            
-3748.9878,14511.5737,220916,041521,A,0.50,79.70,155.8,2.3,05,1            
-3748.9876,14511.5724,220916,041617,A,4.53,80.11,157.0,2.3,05,1            
-3748.9873,14511.5750,220916,041618,A,10.31,80.19,157.0,2.3,05,1           
-3748.9867,14511.5793,220916,041619,A,14.26,80.09,156.9,2.3,05,1           
-3748.9859,14511.5847,220916,041620,A,16.69,79.88,156.8,2.3,05,1           
-3748.9851,14511.5904,220916,041621,A,16.11,79.89,156.8,2.3,05,1           
-3748.9843,14511.5955,220916,041622,A,13.68,79.66,156.7,2.3,05,1           
-3748.9837,14511.5999,220916,041623,A,11.79,79.32,156.7,2.3,05,1           
-3748.9831,14511.6038,220916,041624,A,10.93,78.73,156.7,2.3,05,1           
-3748.9824,14511.6076,220916,041625,A,10.85,78.08,157.0,1.2,06,1           
-3748.9818,14511.6117,220916,041626,A,11.76,81.41,157.7,1.2,06,1           
-3748.9819,14511.6157,220916,041627,A,11.62,99.57,157.8,1.2,06,1           
-3748.9833,14511.6193,220916,041628,A,11.67,126.20,157.7,1.2,06,1          
-3748.9859,14511.6219,220916,041629,A,12.22,149.26,157.3,1.2,06,1          
-3748.9892,14511.6234,220916,041630,A,12.62,164.58,156.9,1.2,06,1          
-3748.9927,14511.6242,220916,041631,A,12.64,171.25,156.9,2.3,05,1          
-3748.9963,14511.6247,220916,041632,A,12.52,174.11,157.0,2.3,05,1          
-3749.0000,14511.6251,220916,041633,A,13.32,174.29,157.1,2.3,05,1          
-3749.0041,14511.6255,220916,041634,A,15.20,174.59,157.1,2.3,05,1          
